===== n=1152
label=cholesky_v1_serial_opt
generator=corr
n=1152
repetitions=7
warmup=1
run_1_seconds=0.265665178
run_2_seconds=0.259271347
run_3_seconds=0.252553700
run_4_seconds=0.246650954
run_5_seconds=0.255710976
run_6_seconds=0.247566270
run_7_seconds=0.248372540
min_seconds=0.246650954
median_seconds=0.252553700
mean_seconds=0.253684424
max_seconds=0.265665178
estimated_flops=509607936.000000000
median_gflops=2.017820115
matrix_bytes=10616832.000000000
matrix_mib=10.125000000

===== n=1280
label=cholesky_v1_serial_opt
generator=corr
n=1280
repetitions=7
warmup=1
run_1_seconds=0.342367264
run_2_seconds=0.344985061
run_3_seconds=0.347389570
run_4_seconds=0.347070005
run_5_seconds=0.342986296
run_6_seconds=0.344106447
run_7_seconds=0.342468683
min_seconds=0.342367264
median_seconds=0.344106447
mean_seconds=0.344481904
max_seconds=0.347389570
estimated_flops=699050666.666666627
median_gflops=2.031495407
matrix_bytes=13107200.000000000
matrix_mib=12.500000000

