===== n=1152
label=cholesky_v3_openmp
generator=corr
n=1152
requested_threads=1
repetitions=7
warmup=1
run_1_seconds=0.123899846
run_2_seconds=0.123901188
run_3_seconds=0.123926395
run_4_seconds=0.123863917
run_5_seconds=0.123904315
run_6_seconds=0.123885901
run_7_seconds=0.123906565
min_seconds=0.123863917
median_seconds=0.123901188
mean_seconds=0.123898304
max_seconds=0.123926395
estimated_flops=509607936.000000000
median_gflops=4.113018965
matrix_bytes=10616832.000000000
matrix_mib=10.125000000

===== n=1280
label=cholesky_v3_openmp
generator=corr
n=1280
requested_threads=1
repetitions=7
warmup=1
run_1_seconds=0.178796180
run_2_seconds=0.178651986
run_3_seconds=0.178702828
run_4_seconds=0.178686671
run_5_seconds=0.178687672
run_6_seconds=0.178664867
run_7_seconds=0.178657514
min_seconds=0.178651986
median_seconds=0.178686671
mean_seconds=0.178692531
max_seconds=0.178796180
estimated_flops=699050666.666666627
median_gflops=3.912158992
matrix_bytes=13107200.000000000
matrix_mib=12.500000000

