===== n=1152
label=cholesky_v2_serial_blocked
generator=corr
n=1152
repetitions=7
warmup=1
run_1_seconds=0.100983074
run_2_seconds=0.100899911
run_3_seconds=0.100695966
run_4_seconds=0.100899549
run_5_seconds=0.100835891
run_6_seconds=0.100893779
run_7_seconds=0.100899079
min_seconds=0.100695966
median_seconds=0.100899079
mean_seconds=0.100872464
max_seconds=0.100983074
estimated_flops=509607936.000000000
median_gflops=5.050669848
matrix_bytes=10616832.000000000
matrix_mib=10.125000000

===== n=1280
label=cholesky_v2_serial_blocked
generator=corr
n=1280
repetitions=7
warmup=1
run_1_seconds=0.139811552
run_2_seconds=0.139659480
run_3_seconds=0.138898472
run_4_seconds=0.139648232
run_5_seconds=0.138609357
run_6_seconds=0.139394699
run_7_seconds=0.139153140
min_seconds=0.138609357
median_seconds=0.139394699
mean_seconds=0.139310705
max_seconds=0.139811552
estimated_flops=699050666.666666627
median_gflops=5.014901368
matrix_bytes=13107200.000000000
matrix_mib=12.500000000

