===== n=1152
label=cholesky_v0_baseline
generator=corr
n=1152
repetitions=7
warmup=1
run_1_seconds=1.712127119
run_2_seconds=1.876367394
run_3_seconds=1.702594385
run_4_seconds=1.694661086
run_5_seconds=1.712930362
run_6_seconds=1.740489472
run_7_seconds=1.771626284
min_seconds=1.694661086
median_seconds=1.712930362
mean_seconds=1.744399443
max_seconds=1.876367394
estimated_flops=509607936.000000000
median_gflops=0.297506511

===== n=1280
label=cholesky_v0_baseline
generator=corr
n=1280
repetitions=7
warmup=1
run_1_seconds=4.026560187
run_2_seconds=3.952646109
run_3_seconds=3.971930857
run_4_seconds=4.000011866
run_5_seconds=3.990646922
run_6_seconds=3.964317204
run_7_seconds=3.961218499
min_seconds=3.952646109
median_seconds=3.971930857
mean_seconds=3.981047378
max_seconds=4.026560187
estimated_flops=699050666.666666508
median_gflops=0.175997693

