===== n=1152
label=cholesky_v0_baseline
generator=corr
n=1152
repetitions=7
warmup=1
run_1_seconds=1.620221328
run_2_seconds=1.616146478
run_3_seconds=1.618082218
run_4_seconds=1.620825459
run_5_seconds=1.629314980
run_6_seconds=1.622724947
run_7_seconds=1.625979839
min_seconds=1.616146478
median_seconds=1.620825459
mean_seconds=1.621899321
max_seconds=1.629314980
estimated_flops=509607936.000000000
median_gflops=0.314412593
matrix_bytes=10616832.000000000
matrix_mib=10.125000000

===== n=1280
label=cholesky_v0_baseline
generator=corr
n=1280
repetitions=7
warmup=1
run_1_seconds=3.969369191
run_2_seconds=3.982551227
run_3_seconds=4.237880759
run_4_seconds=4.253692908
run_5_seconds=4.080350519
run_6_seconds=4.072914885
run_7_seconds=4.063827202
min_seconds=3.969369191
median_seconds=4.072914885
mean_seconds=4.094369527
max_seconds=4.253692908
estimated_flops=699050666.666666627
median_gflops=0.171633998
matrix_bytes=13107200.000000000
matrix_mib=12.500000000

